[gd_scene load_steps=7 format=3 uid="uid://dc050cjfq6j4r"]

[ext_resource type="Script" uid="uid://brv6562apqbhl" path="res://Player/player.gd" id="1_l8h54"]
[ext_resource type="Script" uid="uid://chj7emt1wnnf4" path="res://Player/smooth_camera_arm.gd" id="2_4ntmi"]
[ext_resource type="PackedScene" uid="uid://ch1vyjkdj16m8" path="res://Player/rig.tscn" id="3_btcbx"]
[ext_resource type="Script" uid="uid://dqunvt3yt1o7a" path="res://Player/attack_cast.gd" id="4_gwnis"]

[sub_resource type="CapsuleShape3D" id="CapsuleShape3D_hvfyp"]

[sub_resource type="SeparationRayShape3D" id="SeparationRayShape3D_l8h54"]

[node name="Player" type="CharacterBody3D"]
collision_layer = 5
script = ExtResource("1_l8h54")

[node name="CollisionShape3D" type="CollisionShape3D" parent="."]
shape = SubResource("CapsuleShape3D_hvfyp")

[node name="SmoothCameraArm" type="SpringArm3D" parent="." node_paths=PackedStringArray("target")]
transform = Transform3D(1, 0, 0, 0, 0.90630776, 0.42261827, 0, -0.42261827, 0.90630776, 0, 0, 0)
shape = SubResource("SeparationRayShape3D_l8h54")
spring_length = 4.0
script = ExtResource("2_4ntmi")
target = NodePath("../HorizontalPivot/VerticalPivot")

[node name="Camera3D" type="Camera3D" parent="SmoothCameraArm"]

[node name="HorizontalPivot" type="Node3D" parent="."]

[node name="VerticalPivot" type="Node3D" parent="HorizontalPivot"]

[node name="RigPivot" type="Node3D" parent="."]
transform = Transform3D(1, 0, 0, 0, 1, 0, 0, 0, 1, 0, -1, 0)

[node name="Rig" parent="RigPivot" instance=ExtResource("3_btcbx")]

[node name="Skeleton3D" parent="RigPivot/Rig/CharacterRig/GameRig" index="0"]
bones/0/position = Vector3(1.2266722e-14, 0.8982094, -0.048173524)
bones/0/rotation = Quaternion(0.12581974, 1.1826191e-07, 1.4998871e-08, 0.99205315)
bones/1/rotation = Quaternion(-0.05665772, -0.00072972954, -0.011708177, 0.9983248)
bones/2/position = Vector3(3.204737e-09, 0.14668903, -1.9557774e-08)
bones/2/rotation = Quaternion(-0.0011108889, -0.00040423212, 0.003214544, 0.9999942)
bones/3/rotation = Quaternion(-0.095822126, -0.00037137867, 0.008520454, 0.9953619)
bones/4/position = Vector3(3.0293398e-10, 0.09255617, 3.9115548e-08)
bones/4/rotation = Quaternion(0.27649876, 1.53824e-08, 9.1036064e-08, 0.9610143)
bones/5/rotation = Quaternion(-0.09485639, -2.806912e-14, -2.2615541e-08, 0.99549097)
bones/6/rotation = Quaternion(-0.15687943, -1.17743305e-07, -1.8636928e-08, 0.98761785)
bones/7/position = Vector3(-1.4287185e-08, 0.8982092, -0.04817345)
bones/7/rotation = Quaternion(-0.086367704, -0.75110435, -0.38305166, 0.53071135)
bones/8/position = Vector3(-8.176319e-08, 0.8982093, -0.048173506)
bones/8/rotation = Quaternion(-0.08636769, 0.7511042, 0.3830516, 0.5307113)
bones/9/position = Vector3(0.13114367, 0.9644134, -0.035129093)
bones/9/rotation = Quaternion(0.99308217, 0.020842426, -0.030962784, 0.11133168)
bones/10/position = Vector3(-2.3612856e-08, 0.2660098, -2.1478938e-08)
bones/10/rotation = Quaternion(-3.139207e-08, -0.0006950857, 1.2044876e-08, 0.99999976)
bones/11/position = Vector3(-4.6305953e-08, 0.2660099, 2.421448e-08)
bones/11/rotation = Quaternion(0.41959718, -0.0007004489, 0.00032393303, 0.90771013)
bones/12/position = Vector3(3.051513e-08, 0.22602953, 5.0376833e-08)
bones/12/rotation = Quaternion(-8.192261e-09, -0.0071064373, 4.1610164e-08, 0.9999748)
bones/13/position = Vector3(-2.9549483e-08, 0.22602952, 2.6839189e-09)
bones/13/rotation = Quaternion(-0.7513183, 0.011884664, 0.024402745, 0.6593816)
bones/15/position = Vector3(-0.1311437, 0.9644136, -0.035129108)
bones/15/rotation = Quaternion(0.97328436, -0.005765753, 0.027333563, 0.22789755)
bones/16/position = Vector3(-1.1004229e-08, 0.2657052, -3.3198894e-08)
bones/16/rotation = Quaternion(-3.4322706e-08, 0.003143231, 8.33075e-10, 0.9999951)
bones/17/position = Vector3(1.835448e-08, 0.26570538, 6.9854256e-10)
bones/17/rotation = Quaternion(0.4436428, 0.0032880155, -0.0016277552, 0.8961962)
bones/18/position = Vector3(1.2807033e-08, 0.2257194, -8.287741e-09)
bones/18/rotation = Quaternion(-2.2901656e-08, -0.007857315, 3.3014885e-08, 0.9999691)
bones/19/position = Vector3(-1.2774763e-08, 0.22571929, 1.1200427e-08)
bones/19/rotation = Quaternion(-0.6879206, -0.028191185, -0.0007540268, 0.7252379)
bones/21/position = Vector3(0.025128616, 1.4283621, 0.042847924)
bones/21/rotation = Quaternion(-0.49085283, -0.25901797, -0.40182665, 0.7283602)
bones/22/position = Vector3(0.1888273, 1.4654479, -0.022479687)
bones/22/rotation = Quaternion(0.047031343, -0.16012682, 0.9745822, -0.14945616)
bones/23/rotation = Quaternion(4.8078054e-08, -0.018265015, 8.548083e-08, 0.9998332)
bones/24/rotation = Quaternion(0.30429712, -0.018265676, -0.018691445, 0.95221865)
bones/25/rotation = Quaternion(1.499429e-07, -1.2060627e-07, 9.9185876e-08, 1)
bones/26/rotation = Quaternion(-0.008248833, -0.00027077025, -0.032866735, 0.9994257)
bones/46/position = Vector3(-0.011363526, 1.4283621, 0.04284791)
bones/46/rotation = Quaternion(-0.5077992, 0.22435121, 0.37819988, 0.7407911)
bones/47/position = Vector3(-0.1681694, 1.4659325, -0.03740234)
bones/47/rotation = Quaternion(-0.06970556, -0.1378002, 0.9736211, 0.16797109)
bones/48/rotation = Quaternion(1.0103435e-07, 0.017340075, 1.1555255e-07, 0.9998497)
bones/49/rotation = Quaternion(0.337953, 0.017340405, 0.028991679, 0.9405565)
bones/50/rotation = Quaternion(-8.731149e-08, 2.7474018e-08, -1.2805685e-07, 1)
bones/51/rotation = Quaternion(-0.008248763, 0.00027083192, 0.032866996, 0.9994257)
bones/71/position = Vector3(0.12719111, 1.3470467, -0.02617504)
bones/71/rotation = Quaternion(1.940984e-08, 0.61157, 0.7911903, -4.6363482e-08)
bones/72/position = Vector3(-0.113425955, 1.3470467, -0.026175065)
bones/72/rotation = Quaternion(1.9409898e-08, 0.61157, 0.7911903, -4.636342e-08)

[node name="AnimationTree" parent="RigPivot/Rig" index="1"]
parameters/MoveSpace/blend_position = -1.0

[node name="RightHandBone" parent="RigPivot/Rig" index="2"]
transform = Transform3D(-0.9623433, -0.27080077, -0.023715366, 0.23917142, -0.88493806, 0.39960244, -0.12919925, 0.37888283, 0.9163815, -0.3419857, 0.9855942, -0.023230545)

[node name="LeftHandBone" parent="RigPivot/Rig" index="3"]
transform = Transform3D(-0.9705136, 0.23910767, 0.030521676, -0.2203845, -0.93146884, 0.2894763, 0.09764604, 0.2742142, 0.95669824, 0.34563765, 0.9729279, -0.044169974)

[node name="RayAttachment" type="BoneAttachment3D" parent="RigPivot/Rig"]
transform = Transform3D(-0.9623433, -0.27080077, -0.023715366, 0.23917142, -0.88493806, 0.39960244, -0.12919925, 0.37888283, 0.9163815, -0.3419857, 0.9855942, -0.023230545)
bone_name = "DEF-hand.R"
bone_idx = 51
use_external_skeleton = true
external_skeleton = NodePath("../CharacterRig/GameRig/Skeleton3D")

[node name="AttackCast" type="RayCast3D" parent="RigPivot/Rig/RayAttachment"]
unique_name_in_owner = true
transform = Transform3D(-7.322348e-09, 4.3237733e-08, 1, 0.9961947, 0.0871558, 3.5260648e-09, -0.087155804, 0.99619466, -4.371139e-08, -0.03, 0.075, -0.05)
target_position = Vector3(0, 1, 0)
collision_mask = 8
script = ExtResource("4_gwnis")

[editable path="RigPivot/Rig"]
[editable path="RigPivot/Rig/CharacterRig"]
